1101
1102
1210
1216
1227
1229
1301
1303
1319
1326
1476
1503
1504
1560
1590
1760
1795
1802
2002
2027
2049
2059
2105
2207
2231
2301
2303
2308
2313
2317
2327
2330
2345
2357
2360
2371
2377
2379
2382
2383
2408
2412
2439
2449
2451
2454
2542
2603
2606
2609
2610
2615
2618
2801
2823
2880
2881
2882
2883
2884
2885
2886
2887
2888
2889
2890
2891
2892
2903
2912
2915
3006
3008
3013
3034
3037
3045
3231
3376
3406
3443
3529
3532
3661
3665
3702
3711
4128
4551
4904
4919
4938
5269
5347
5522
5871
5876
5880
6120
6146
6188
6239
6285
6446
6488
6505
6510
6533
6669
8046
8069
8299
8464
9904
9910
9917
9921
9945
